_viz_net_graph = nengo_gui.components.NetGraph()
_viz_progress = nengo_gui.components.Progress()
_viz_config[_viz_progress].x = 0
_viz_config[_viz_progress].y = 0
_viz_config[_viz_progress].width = 100
_viz_config[_viz_progress].height = 100
_viz_config[_viz_progress].label_visible = True
_viz_sim_control = nengo_gui.components.SimControl()
_viz_config[_viz_sim_control].shown_time = 0.5
_viz_config[_viz_sim_control].kept_time = 4.0
_viz_config[action].pos=(0.13636363636363635, 0.603174603174603)
_viz_config[action].size=(0.09090909090909091, 0.07936507936507935)
_viz_config[env_node].pos=(0.4985676280418216, 0.15645324261399976)
_viz_config[env_node].size=(0.07272727272727274, 0.06349206349206349)
_viz_config[model].pos=(0, 0)
_viz_config[model].size=(1.0, 1.0)
_viz_config[model].expanded=True
_viz_config[model].has_layout=True
_viz_config[observation].pos=(0.42680046921481596, 0.6874117118026513)
_viz_config[observation].size=(0.09090909090909091, 0.07936507936507935)
_viz_config[reward].pos=(0.649536991056053, 0.4817111361960912)
_viz_config[reward].size=(0.09090909090909091, 0.07936507936507935)